21513299	1033.1344943296588
23933986	486.79364325973484
23933989	479.24382908816364
23934048	434.0884414139317
23934131	426.8545560225943
23937213	407.7280968697636
21515805	340.10485403946694
21515742	323.81850828660566
21515803	315.7576055412743
21515707	314.0285393130601
21515771	305.07319179827834
21515941	300.04707300703393
21515862	292.55793616738515
21515782	285.8218784369775
21515684	284.3096124728706
21515801	284.0498005890799
21511313	282.2337196683737
21512481	272.22239587200033
21515809	271.53083783418396
23934123	270.1068458846849
21515691	266.29168065107086
21515804	265.7757275005166
21515750	264.287717231534
21515005	262.2441725685742
21515785	255.8269241478855
21515811	252.01931921774892
23934073	250.37737812295535
21515991	248.55984567804438
21515628	246.32583170895688
21515753	243.17702645645383
21515261	242.53985257752902
21515088	237.02864304846537
21512477	236.558732821085
21510348	236.21036459327482
21515796	234.77500314804976
21515953	232.05389166185358
21515961	231.49203979739062
21514907	228.4962281568559
21510341	225.56361221599028
21515917	222.58811182724918
21515737	221.7175624878376
21514921	217.36097054198234
21515438	215.8273871904387
21515987	215.4294086282042
21515712	214.81151151483095
21515108	209.56262887253357
21515812	209.2376395281838
21515770	208.20111291500749
21515396	206.8508507383354
21514860	206.58692344134639
21515210	205.06174822804172
21512479	204.49327984755803
21515844	200.9126965374528
21515096	199.43680844643382
21515793	199.22793278378498
21515969	198.1160243054454
21515918	196.04635688718577
21515741	195.33705505661587
21515806	194.6051838307326
21515997	193.6447660497863
21515668	192.40554533469123
21515810	192.0482074070365
21515644	191.54300033870487
21515294	191.4713610924283
21515766	186.36332994869383
21515732	186.33267668375072
21515713	185.65493426990955
21515523	185.15616320560457
21511305	183.0208769418304
21515998	182.59174271450505
21515267	181.72241098938622
21515797	180.00117606218421
40485674	179.3907684384062
21515721	179.28580479524845
21510344	178.64003808964037
21514976	178.27896918145677
21514948	176.25574826954227
21515690	175.94959325039423
21514970	175.3521360367744
40485673	174.89190712690268
21515440	173.9655189623074
21515682	173.6337450972949
21515985	173.21098475314832
21515993	172.79422665750818
21515672	171.33758110693887
21515421	170.83379714986168
24891384	169.7179563077072
21514906	169.33129578487132
21514910	168.9166155892357
21515701	168.70153540482343
21515359	167.36301885659202
21515094	166.3989462340529
21515726	165.9827032989231
21515717	165.78451443443805
21515415	164.3320929785228
23934033	163.64662849753955
21515679	162.89240502088262
21515641	162.72575061605878
21514926	162.45920098588226
21515380	161.3738829191312
